mae: 0.007902372082688097
rmse: 0.011092473982242296
pearson: 0.030865769078394056
metric_score: 0.02482079871594903
