mae: 0.007600642048586199
rmse: 0.010566221693792148
pearson: 0.11194805124376839
metric_score: 0.44313680317130577
