mae: 0.006998881704443632
rmse: 0.009925455907639503
pearson: 0.02462768693497904
metric_score: 0.12277844793706588
